4.589
4.54
4.531
4.562
4.59
4.615
4.464
4.664
4.505
4.696
3.96
4.472
4.702
4.561
4.716
3.96
4.605
3.966
3.968
4.728
4.704
3.967
4.56
4.503
4.744
4.607
4.674
3.954
3.966
3.971
3.963
3.985
3.954
3.962
3.959
3.952
3.951
3.991
3.972
3.953
3.971
3.955
3.962
3.952
3.954
3.965
3.961
3.961
3.977
3.945
3.968
3.953
3.989
3.948
3.989
3.968
3.961
4.725
3.956
3.98
3.977
3.983
3.962
3.977
4.139
3.964
3.97
3.979
3.971
3.955
3.963
4.443
4.519
4.467
3.967
3.99
4.525
3.965
3.976
3.96
4.372
4.43
3.949
4.602
3.966
3.964
3.965
3.975
3.978
3.982
3.97
3.972
3.952
3.966
3.969
3.988
3.99
3.967
3.995
3.993
