1
9
20
33
36
46
265
2339
2348
2355
2379
2394
2405
2413
2424
2428
2453
2503
2518
2541
2548
2555
2581
2584
2616
2619
2629
2632
2647
2678
2693
2718
2753
2759
2770
2777
2788
2795
4449
4475
4502
4515
4529
4547
4548
4549
4550
4551
4552
4553
4554
4566
4567
4568
4569
4570
4571
4572
4573
4585
4586
4587
4588
4589
4590
4591
4592
4601
4602
4603
4604
4605
4606
4607
4608
4617
4618
4619
4620
4621
4622
4623
4624
4635
4636
4637
4638
4639
4640
4641
4642
4652
4653
4654
4655
4656
4657
4658
4659
4671
4672
4673
4674
4675
4676
4677
4678
4692
4693
4694
4695
4696
4697
4698
4699
4711
4712
4713
4714
4715
4716
4717
4718
4724
4725
4726
4727
4728
4729
4730
4731
4741
4742
4743
4744
4745
4746
4747
4748
4760
4761
4762
4763
4764
4765
4766
4767
4781
4782
4783
4784
4785
4786
4787
4788
4800
4801
4802
4803
4804
4805
4806
4807
4817
4818
4819
4820
4821
4822
4823
4824
4836
4837
4838
4839
4840
4841
4842
4843
4855
4856
4857
4858
4859
4860
4861
4862
4872
4873
4874
4875
4876
4877
4878
4879
4891
4892
4893
4894
4895
4896
4897
4898
4909
4910
4911
4912
4913
4914
4915
4916
4930
4931
4932
4933
4934
4935
4936
4937
4945
4946
4947
4948
4949
4950
4951
4952
4964
4965
4966
4967
4968
4969
4970
4971
4983
4984
4985
4986
4987
4988
4989
4990
5002
5003
5004
5005
5006
5007
5008
5009
5018
5019
5020
5021
5022
5023
5024
5025
5033
5034
5035
5036
5037
5038
5039
5040
5050
5051
5052
5053
5054
5055
5056
5057
5066
5067
5068
5069
5070
5071
5072
5073
5085
5086
5087
5088
5089
5090
5091
5092
5104
5105
5106
5107
5108
5109
5110
5111
5125
5126
5127
5128
5129
5130
5131
5132
5146
5147
5148
5149
5150
5151
5152
5153
5165
5166
5167
5168
5169
5170
5171
5172
5184
5185
5186
5187
5188
5189
5190
5191
5205
5206
5207
5208
5209
5210
5211
5212
5226
5227
5228
5229
5230
5231
5232
5233
5238
5239
5240
5241
5242
5243
5244
5245
5257
5258
5259
5260
5261
5262
5263
5264
5278
5279
5280
5281
5282
5283
5284
5285
5299
5300
5301
5302
5303
5304
5305
5306
5318
5319
5320
5321
5322
5323
5324
5325
5337
5338
5339
5340
5341
5342
5343
5344
5358
5359
5360
5361
5362
5363
5364
5365
5379
5380
5381
5382
5383
5384
5385
5386
5398
5399
5400
5401
5402
5403
5404
5405
5414
5415
5416
5417
5418
5419
5420
5421
5435
5436
5437
5438
5439
5440
5441
5442
5456
5457
5458
5459
5460
5461
5462
5463
5474
5475
5476
5477
5478
5479
5480
5481
5493
5494
5495
5496
5497
5498
5499
5500
5514
5515
5516
5517
5518
5519
5520
5521
5535
5536
5537
5538
5539
5540
5541
5542
5554
5555
5556
5557
5558
5559
5560
5561
5573
5574
5575
5576
5577
5578
5579
5580
5594
5595
5596
5597
5598
5599
5600
5601
5615
5616
5617
5618
5619
5620
5621
5622
5629
5630
5631
5632
5633
5634
5635
5636
5648
5649
5650
5651
5652
5653
5654
5655
5669
5670
5671
5672
5673
5674
5675
5676
5690
5691
5692
5693
5694
5695
5696
5697
5709
5710
5711
5712
5713
5714
5715
5716
5728
5729
5730
5731
5732
5733
5734
5735
5749
5750
5751
5752
5753
5754
5755
5756
5764
5765
5766
5767
5768
5769
5770
5771
5783
5784
5785
5786
5787
5788
5789
5790
5802
5803
5804
5805
5806
5807
5808
5809
5823
5824
5825
5826
5827
5828
5829
5830
5844
5845
5846
5847
5848
5849
5850
5851
5863
5864
5865
5866
5867
5868
5869
5870
5882
5883
5884
5885
5886
5887
5888
5889
5897
5898
5899
5900
5901
5902
5903
5904
5918
5919
5920
5921
5922
5923
5924
5925
5937
5938
5939
5940
5941
5942
5943
5944
5956
5957
5958
5959
5960
5961
5962
5963
5977
5978
5979
5980
5981
5982
5983
5984
5993
5994
5995
5996
5997
5998
5999
6000
6012
6013
6014
6015
6016
6017
6018
6019
6031
6032
6033
6034
6035
6036
6037
6038
6052
6053
6054
6055
6056
6057
6058
6059
6073
6074
6075
6076
6077
6078
6079
6080
6092
6093
6094
6095
6096
6097
6098
6099
6104
6105
6106
6107
6108
6109
6110
6111
6125
6126
6127
6128
6129
6130
6131
6132
6146
6147
6148
6149
6150
6151
6152
6153
6165
6166
6167
6168
6169
6170
6171
6172
6184
6185
6186
6187
6188
6189
6190
6191
6205
6206
6207
6208
6209
6210
6211
6212
6220
6221
6222
6223
6224
6225
6226
6227
6239
6240
6241
6242
6243
6244
6245
6246
6258
6259
6260
6261
6262
6263
6264
6265
6279
6280
6281
6282
6283
6284
6285
6286
6300
6301
6302
6303
6304
6305
6306
6307
6319
6320
6321
6322
6323
6324
6325
6326
6339
6340
6341
6342
6343
6344
6345
6346
6357
6358
6359
6360
6361
6362
6363
6364
6374
6375
6376
6377
6378
6379
6380
6381
6392
6393
6394
6395
6396
6397
6398
6399
6412
6413
6414
6415
6416
6417
6418
6419
6432
6433
6434
6435
6436
6437
6438
6439
6450
6451
6452
6453
6454
6455
6456
6457
6467
6468
6469
6470
6471
6472
6473
6474
6487
6488
6489
6490
6491
6492
6493
6494
6507
6508
6509
6510
6511
6512
6513
6514
6525
6526
6527
6528
6529
6530
6531
6532
6542
6543
6544
6545
6546
6547
6548
6549
6560
6561
6562
6563
6564
6565
6566
6567
6579
6580
6581
6582
6583
6584
6585
6586
6597
6598
6599
6600
6601
6602
6603
6604
6615
6616
6617
6618
6619
6620
6621
6622
6635
6636
6637
6638
6639
6640
6641
6642
6654
6655
6656
6657
6658
6659
6660
6661
6671
6672
6673
6674
6675
6676
6677
6678
6689
6690
6691
6692
6693
6694
6695
6696
6709
6710
6711
6712
6713
6714
6715
6716
6729
6730
6731
6732
6733
6734
6735
6736
6747
6748
6749
6750
6751
6752
6753
6754
6764
6765
6766
6767
6768
6769
6770
6771
6782
6783
6784
6785
6786
6787
6788
6789
6801
6802
6803
6804
6805
6806
6807
6808
6818
6819
6820
6821
6822
6823
6824
6825
6837
6838
6839
6840
6841
6842
6843
6844
6854
6855
6856
6857
6858
6859
6860
6861
6872
6873
6874
6875
6876
6877
6878
6879
6890
6891
6892
6893
6894
6895
6896
6897
6908
6909
6910
6911
6912
6913
6914
6915
6928
6929
6930
6931
6932
6933
6934
6935
6947
6948
6949
6950
6951
6952
6953
6954
6964
6965
6966
6967
6968
6969
6970
6971
6981
6982
6983
6984
6985
6986
6987
6988
7002
7003
7004
7005
7006
7007
7008
7009
7023
7024
7025
7026
7027
7028
7029
7030
7040
7041
7042
7043
7044
7045
7046
7047
7058
7059
7060
7061
7062
7063
7064
7065
7076
7077
7078
7079
7080
7081
7082
7083
7095
7096
7097
7098
7099
7100
7101
7102
7112
7113
7114
7115
7116
7117
7118
7119
7131
7132
7133
7134
7135
7136
7137
7138
7151
7152
7153
7154
7155
7156
7157
7158
7170
7171
7172
7173
7174
7175
7176
7177
7188
7189
7190
7191
7192
7193
7194
7195
7206
7207
7208
7209
7210
7211
7212
7213
7226
7227
7228
7229
7230
7231
7232
7233
7243
7244
7245
7246
7247
7248
7249
7250
7260
7261
7262
7263
7264
7265
7266
7267
7277
7278
7279
7280
7281
7282
7283
7284
7297
7298
7299
7300
7301
7302
7303
7304
7318
7319
7320
7321
7322
7323
7324
7325
7334
7335
7336
7337
7338
7339
7340
7341
7351
7352
7353
7354
7355
7356
7357
7358
7370
7371
7372
7373
7374
7375
7376
7377
7391
7392
7393
7394
7395
7396
7397
7398
7410
7411
7412
7413
7414
7415
7416
7417
7427
7428
7429
7430
7431
7432
7433
7434
7446
7447
7448
7449
7450
7451
7452
7453
7464
7465
7466
7467
7468
7469
7470
7471
7482
7483
7484
7485
7486
7487
7488
7489
7499
7500
7501
7502
7503
7504
7505
7506
7518
7519
7520
7521
7522
7523
7524
7525
7538
7539
7540
7541
7542
7543
7544
7545
7555
7556
7557
7558
7559
7560
7561
7562
7573
7574
7575
7576
7577
7578
7579
7580
7592
7593
7594
7595
7596
7597
7598
7599
7611
7612
7613
7614
7615
7616
7617
7618
7628
7629
7630
7631
7632
7633
7634
7635
7645
7646
7647
7648
7649
7650
7651
7652
7665
7666
7667
7668
7669
7670
7671
7672
7685
7686
7687
7688
7689
7690
7691
7692
7703
7704
7705
7706
7707
7708
7709
7710
7722
7723
7724
7725
7726
7727
7728
7729
7740
7741
7742
7743
7744
7745
7746
7747
7761
7762
7763
7764
7765
7766
7767
7768
7779
7780
7781
7782
7783
7784
7785
7786
7797
7798
7799
7800
7801
7802
7803
7804
7817
7818
7819
7820
7821
7822
7823
7824
7835
7836
7837
7838
7839
7840
7841
7842
7852
7853
7854
7855
7856
7857
7858
7859
7870
7871
7872
7873
7874
7875
7876
7877
7890
7891
7892
7893
7894
7895
7896
7897
7908
7909
7910
7911
7912
7913
7914
7915
7927
7928
7929
7930
7931
7932
7933
7934
7944
7945
7946
7947
7948
7949
7950
7951
7965
7966
7967
7968
7969
7970
7971
7972
7985
7986
7987
7988
7989
7990
7991
7992
8004
8005
8006
8007
8008
8009
8010
8011
8021
8022
8023
8024
8025
8026
8027
8028
8040
8041
8042
8043
8044
8045
8046
8047
8061
8062
8063
8064
8065
8066
8067
8068
8079
8080
8081
8082
8083
8084
8085
8086
8097
8098
8099
8100
8101
8102
8103
8104
8118
8119
8120
8121
8122
8123
8124
8125
8137
8138
8139
8140
8141
8142
8143
8144
8155
8156
8157
8158
8159
8160
8161
8162
8173
8174
8175
8176
8177
8178
8179
8180
8193
8194
8195
8196
8197
8198
8199
8200
8212
8213
8214
8215
8216
8217
8218
8219
8229
8230
8231
8232
8233
8234
8235
8236
8246
8247
8248
8249
8250
8251
8252
8253
8267
8268
8269
8270
8271
8272
8273
8274
8288
8289
8290
8291
8292
8293
8294
8295
8306
8307
8308
8309
8310
8311
8312
8313
8325
8326
8327
8328
8329
8330
8331
8332
8344
8345
8346
8347
8348
8349
8350
8351
8361
8362
8363
8364
8365
8366
8367
8368
8379
8380
8381
8382
8383
8384
8385
8386
8397
8398
8399
8400
8401
8402
8403
8404
8416
8417
8418
8419
8420
8421
8422
8423
8434
8435
8436
8437
8438
8439
8440
8441
8453
8454
8455
8456
8457
8458
8459
8460
8470
8471
8472
8473
8474
8475
8476
8477
8489
8490
8491
8492
8493
8494
8495
8496
8509
8510
8511
8512
8513
8514
8515
8516
8527
8528
8529
8530
8531
8532
8533
8534
8543
8544
8545
8546
8547
8548
8549
8550
8563
8564
8565
8566
8567
8568
8569
8570
8583
8584
8585
8586
8587
8588
8589
8590
8601
8602
8603
8604
8605
8606
8607
8608
8618
8619
8620
8621
8622
8623
8624
8625
8637
8638
8639
8640
8641
8642
8643
8644
8658
8659
8660
8661
8662
8663
8664
8665
8674
8675
8676
8677
8678
8679
8680
8681
8691
8692
8693
8694
8695
8696
8697
8698
8710
8711
8712
8713
8714
8715
8716
8717
8731
8732
8733
8734
8735
8736
8737
8738
8750
8751
8752
8753
8754
8755
8756
8757
8768
8769
8770
8771
8772
8773
8774
8775
8789
8790
8791
8792
8793
8794
8795
8796
8810
8811
8812
8813
8814
8815
8816
8817
8827
8828
8829
8830
8831
8832
8833
8834
8844
8845
8846
8847
8848
8849
8850
8851
8861
8862
8863
8864
8865
8866
8867
8868
8881
8882
8883
8884
8885
8886
8887
8888
8897
8898
8899
8900
8901
8902
8903
8904
8914
8915
8916
8917
8918
8919
8920
8921
8935
8936
8937
8938
8939
8940
8941
8942
8954
8955
8956
8957
8958
8959
8960
8961
8973
8974
8975
8976
8977
8978
8979
8980
8992
8993
8994
8995
8996
8997
8998
8999
9011
9012
9013
9014
9015
9016
9017
9018
9030
9031
9032
9033
9034
9035
9036
9037
9049
9050
9051
9052
9053
9054
9055
9056
9067
9068
9069
9070
9071
9072
9073
9074
9087
9088
9089
9090
9091
9092
9093
9094
9108
9109
9110
9111
9112
9113
9114
9115
9126
9127
9128
9129
9130
9131
9132
9133
9144
9145
9146
9147
9148
9149
9150
9151
9165
9166
9167
9168
9169
9170
9171
9172
9184
9185
9186
9187
9188
9189
9190
9191
9203
9204
9205
9206
9207
9208
9209
9210
9221
9222
9223
9224
9225
9226
9227
9228
9240
9241
9242
9243
9244
9245
9246
9247
9260
9261
9262
9263
9264
9265
9266
9267
9278
9279
9280
9281
9282
9283
9284
9285
9296
9297
9298
9299
9300
9301
9302
9303
9317
9318
9319
9320
9321
9322
9323
9324
9338
9339
9340
9341
9342
9343
9344
9345
9357
9358
9359
9360
9361
9362
9363
9364
9374
9375
9376
9377
9378
9379
9380
9381
9395
9396
9397
9398
9399
9400
9401
9402
9415
9416
9417
9418
9419
9420
9421
9422
9432
9433
9434
9435
9436
9437
9438
9439
9450
9451
9452
9453
9454
9455
9456
9457
9470
9471
9472
9473
9474
9475
9476
9477
9490
9491
9492
9493
9494
9495
9496
9497
9509
9510
9511
9512
9513
9514
9515
9516
9528
9529
9530
9531
9532
9533
9534
9535
9549
9550
9551
9552
9553
9554
9555
9556
9568
9569
9570
9571
9572
9573
9574
9575
9587
9588
9589
9590
9591
9592
9593
9594
9605
9606
9607
9608
9609
9610
9611
9612
9624
9625
9626
9627
9628
9629
9630
9631
9644
9645
9646
9647
9648
9649
9650
9651
9662
9663
9664
9665
9666
9667
9668
9669
9680
9681
9682
9683
9684
9685
9686
9687
9701
9702
9703
9704
9705
9706
9707
9708
9722
9723
9724
9725
9726
9727
9728
9729
9741
9742
9743
9744
9745
9746
9747
9748
9760
9761
9762
9763
9764
9765
9766
9767
9781
9782
9783
9784
9785
9786
9787
9788
9802
9803
9804
9805
9806
9807
9808
9809
9821
9822
9823
9824
9825
9826
9827
9828
9840
9841
9842
9843
9844
9845
9846
9847
9861
9862
9863
9864
9865
9866
9867
9868
9881
9882
9883
9884
9885
9886
9887
9888
9899
9900
9901
9902
9903
9904
9905
9906
9917
9918
9919
9920
9921
9922
9923
9924
9937
9938
9939
9940
9941
9942
9943
9944
9956
9957
9958
9959
9960
9961
9962
9963
9975
9976
9977
9978
9979
9980
9981
9982
9993
9994
9995
9996
9997
9998
9999
10000
10014
10015
10016
10017
10018
10019
10020
10021
10035
10036
10037
10038
10039
10040
10041
10042
10054
10055
10056
10057
10058
10059
10060
10061
10073
10074
10075
10076
10077
10078
10079
10080
10094
10095
10096
10097
10098
10099
10100
10101
10115
10116
10117
10118
10119
10120
10121
10122
10133
10134
10135
10136
10137
10138
10139
10140
10152
10153
10154
10155
10156
10157
10158
10159
10172
10173
10174
10175
10176
10177
10178
10179
10191
10192
10193
10194
10195
10196
10197
10198
10208
10209
10210
10211
10212
10213
10214
10215
10227
10228
10229
10230
10231
10232
10233
10234
10246
10247
10248
10249
10250
10251
10252
10253
10267
10268
10269
10270
10271
10272
10273
10274
10286
10287
10288
10289
10290
10291
10292
10293
10303
10304
10305
10306
10307
10308
10309
10310
10322
10323
10324
10325
10326
10327
10328
10329
10343
10344
10345
10346
10347
10348
10349
10350
10361
10362
10363
10364
10365
10366
10367
10368
10379
10380
10381
10382
10383
10384
10385
10386
10400
10401
10402
10403
10404
10405
10406
10407
10420
10421
10422
10423
10424
10425
10426
10427
10438
10439
10440
10441
10442
10443
10444
10445
10455
10456
10457
10458
10459
10460
10461
10462
10476
10477
10478
10479
10480
10481
10482
10483
10497
10498
10499
10500
10501
10502
10503
10504
10515
10516
10517
10518
10519
10520
10521
10522
10532
10533
10534
10535
10536
10537
10538
10539
10552
10553
10554
10555
10556
10557
10558
10559
10572
10573
10574
10575
10576
10577
10578
10579
10590
10591
10592
10593
10594
10595
10596
10597
10609
10610
10611
10612
10613
10614
10615
10616
10630
10631
10632
10633
10634
10635
10636
10637
10649
10650
10651
10652
10653
10654
10655
10656
10666
10667
10668
10669
10670
10671
10672
10673
10683
10684
10685
10686
10687
10688
10689
10690
10703
10704
10705
10706
10707
10708
10709
10710
10722
10723
10724
10725
10726
10727
10728
10729
10739
10740
10741
10742
10743
10744
10745
10746
10755
10756
10757
10758
10759
10760
10761
10762
10774
10775
10776
10777
10778
10779
10780
10781
10794
10795
10796
10797
10798
10799
10800
10801
10811
10812
10813
10814
10815
10816
10817
10818
10828
10829
10830
10831
10832
10833
10834
10835
10849
10850
10851
10852
10853
10854
10855
10856
10868
10869
10870
10871
10872
10873
10874
10875
10886
10887
10888
10889
10890
10891
10892
10893
10905
10906
10907
10908
10909
10910
10911
10912
10924
10925
10926
10927
10928
10929
10930
10931
10943
10944
10945
10946
10947
10948
10949
10950
10961
10962
10963
10964
10965
10966
10967
10968
10980
10981
10982
10983
10984
10985
10986
10987
10998
10999
11000
11001
11002
11003
11004
11005
11018
11019
11020
11021
11022
11023
11024
11025
11036
11037
11038
11039
11040
11041
11042
11043
11053
11054
11055
11056
11057
11058
11059
11060
11072
11073
11074
11075
11076
11077
11078
11079
11090
11091
11092
11093
11094
11095
11096
11097
11108
11109
11110
11111
11112
11113
11114
11115
11127
11128
11129
11130
11131
11132
11133
11134
11146
11147
11148
11149
11150
11151
11152
11153
11167
11168
11169
11170
11171
11172
11173
11174
11185
11186
11187
11188
11189
11190
11191
11192
11202
11203
11204
11205
11206
11207
11208
11209
11222
11223
11224
11225
11226
11227
11228
11229
11242
11243
11244
11245
11246
11247
11248
11249
11260
11261
11262
11263
11264
11265
11266
11267
11279
11280
11281
11282
11283
11284
11285
11286
11300
11301
11302
11303
11304
11305
11306
11307
11321
11322
11323
11324
11325
11326
11327
11328
11338
11339
11340
11341
11342
11343
11344
11345
11357
11358
11359
11360
11361
11362
11363
11364
11377
11378
11379
11380
11381
11382
11383
11384
11395
11396
11397
11398
11399
11400
11401
11402
11414
11415
11416
11417
11418
11419
11420
11421
11432
11433
11434
11435
11436
11437
11438
11439
11452
11453
11454
11455
11456
11457
11458
11459
11473
11474
11475
11476
11477
11478
11479
11480
11492
11493
11494
11495
11496
11497
11498
11499
11509
11510
11511
11512
11513
11514
11515
11516
11530
11531
11532
11533
11534
11535
11536
11537
11551
11552
11553
11554
11555
11556
11557
11558
11568
11569
11570
11571
11572
11573
11574
11575
11585
11586
11587
11588
11589
11590
11591
11592
11605
11606
11607
11608
11609
11610
11611
11612
11625
11626
11627
11628
11629
11630
11631
11632
11644
11645
11646
11647
11648
11649
11650
11651
11663
11664
11665
11666
11667
11668
11669
11670
11683
11684
11685
11686
11687
11688
11689
11690
11704
11705
11706
11707
11708
11709
11710
11711
11721
11722
11723
11724
11725
11726
11727
11728
11738
11739
11740
11741
11742
11743
11744
11745
11757
11758
11759
11760
11761
11762
11763
11764
11776
11777
11778
11779
11780
11781
11782
11783
11793
11794
11795
11796
11797
11798
11799
11800
11810
11811
11812
11813
11814
11815
11816
11817
11828
11829
11830
11831
11832
11833
11834
11835
11848
11849
11850
11851
11852
11853
11854
11855
11865
11866
11867
11868
11869
11870
11871
11872
11883
11884
11885
11886
11887
11888
11889
11890
11904
11905
11906
11907
11908
11909
11910
11911
11922
11923
11924
11925
11926
11927
11928
11929
11941
11942
11943
11944
11945
11946
11947
11948
11958
11959
11960
11961
11962
11963
11964
11965
11976
11977
11978
11979
11980
11981
11982
11983
11997
11998
11999
12000
12001
12002
12003
12004
12015
12016
12017
12018
12019
12020
12021
12022
12033
12034
12035
12036
12037
12038
12039
12040
12053
12054
12055
12056
12057
12058
12059
12060
12073
12074
12075
12076
12077
12078
12079
12080
12090
12091
12092
12093
12094
12095
12096
12097
12109
12110
12111
12112
12113
12114
12115
12116
12130
12131
12132
12133
12134
12135
12136
12137
12151
12152
12153
12154
12155
12156
12157
12158
12170
12171
12172
12173
12174
12175
12176
12177
12189
12190
12191
12192
12193
12194
12195
12196
12209
12210
12211
12212
12213
12214
12215
12216
12228
12229
12230
12231
12232
12233
12234
12235
12247
12248
12249
12250
12251
12252
12253
12254
12265
12266
12267
12268
12269
12270
12271
12272
12286
12287
12288
12289
12290
12291
12292
12293
12305
12306
12307
12308
12309
12310
12311
12312
12324
12325
12326
12327
12328
12329
12330
12331
12341
12342
12343
12344
12345
12346
12347
12348
12359
12360
12361
12362
12363
12364
12365
12366
12378
12379
12380
12381
12382
12383
12384
12385
12397
12398
12399
12400
12401
12402
12403
12404
12416
12417
12418
12419
12420
12421
12422
12423
12436
12437
12438
12439
12440
12441
12442
12443
12456
12457
12458
12459
12460
12461
12462
12463
12473
12474
12475
12476
12477
12478
12479
12480
12490
12491
12492
12493
12494
12495
12496
12497
12511
12512
12513
12514
12515
12516
12517
12518
12531
12532
12533
12534
12535
12536
12537
12538
12547
12548
12549
12550
12551
12552
12553
12554
12563
12564
12565
12566
12567
12568
12569
12570
12584
12585
12586
12587
12588
12589
12590
12591
12603
12604
12605
12606
12607
12608
12609
12610
12621
12622
12623
12624
12625
12626
12627
12628
12640
12641
12642
12643
12644
12645
12646
12647
12661
12662
12663
12664
12665
12666
12667
12668
12679
12680
12681
12682
12683
12684
12685
12686
12697
12698
12699
12700
12701
12702
12703
12704
12716
12717
12718
12719
12720
12721
12722
12723
12737
12738
12739
12740
12741
12742
12743
12744
12756
12757
12758
12759
12760
12761
12762
12763
12773
12774
12775
12776
12777
12778
12779
12780
12791
12792
12793
12794
12795
12796
12797
12798
12810
12811
12812
12813
12814
12815
12816
12817
12829
12830
12831
12832
12833
12834
12835
12836
12847
12848
12849
12850
12851
12852
12853
12854
12866
12867
12868
12869
12870
12871
12872
12873
12885
12886
12887
12888
12889
12890
12891
12892
12906
12907
12908
12909
12910
12911
12912
12913
12925
12926
12927
12928
12929
12930
12931
12932
12942
12943
12944
12945
12946
12947
12948
12949
12961
12962
12963
12964
12965
12966
12967
12968
12982
12983
12984
12985
12986
12987
12988
12989
13000
13001
13002
13003
13004
13005
13006
13007
13018
13019
13020
13021
13022
13023
13024
13025
13039
13040
13041
13042
13043
13044
13045
13046
13059
13060
13061
13062
13063
13064
13065
13066
13074
13075
13076
13077
13078
13079
13080
13081
13091
13092
13093
13094
13095
13096
13097
13098
13110
13111
13112
13113
13114
13115
13116
13117
13129
13130
13131
13132
13133
13134
13135
13136
13147
13148
13149
13150
13151
13152
13153
13154
13164
13165
13166
13167
13168
13169
13170
13171
13183
13184
13185
13186
13187
13188
13189
13190
13203
13204
13205
13206
13207
13208
13209
13210
13220
13221
13222
13223
13224
13225
13226
13227
13237
13238
13239
13240
13241
13242
13243
13244
13257
13258
13259
13260
13261
13262
13263
13264
13277
13278
13279
13280
13281
13282
13283
13284
13294
13295
13296
13297
13298
13299
13300
13301
13312
13313
13314
13315
13316
13317
13318
13319
13333
13334
13335
13336
13337
13338
13339
13340
13353
13354
13355
13356
13357
13358
13359
13360
13370
13371
13372
13373
13374
13375
13376
13377
13387
13388
13389
13390
13391
13392
13393
13394
13407
13408
13409
13410
13411
13412
13413
13414
13427
13428
13429
13430
13431
13432
13433
13434
13444
13445
13446
13447
13448
13449
13450
13451
13462
13463
13464
13465
13466
13467
13468
13469
13482
13483
13484
13485
13486
13487
13488
13489
13502
13503
13504
13505
13506
13507
13508
13509
13519
13520
13521
13522
13523
13524
13525
13526
13537
13538
13539
13540
13541
13542
13543
13544
13557
13558
13559
13560
13561
13562
13563
13564
13577
13578
13579
13580
13581
13582
13583
13584
13594
13595
13596
13597
13598
13599
13600
13601
13612
13613
13614
13615
13616
13617
13618
13619
13632
13633
13634
13635
13636
13637
13638
13639
13652
13653
13654
13655
13656
13657
13658
13659
13669
13670
13671
13672
13673
13674
13675
13676
13688
13689
13690
13691
13692
13693
13694
13695
13706
13707
13708
13709
13710
13711
13712
13713
13727
13728
13729
13730
13731
13732
13733
13734
13744
13745
13746
13747
13748
13749
13750
13751
13763
13764
13765
13766
13767
13768
13769
13770
13783
13784
13785
13786
13787
13788
13789
13790
13804
13805
13806
13807
13808
13809
13810
13811
13822
13823
13824
13825
13826
13827
13828
13829
13841
13842
13843
13844
13845
13846
13847
13848
13861
13862
13863
13864
13865
13866
13867
13868
13882
13883
13884
13885
13886
13887
13888
13889
13900
13901
13902
13903
13904
13905
13906
13907
13919
13920
13921
13922
13923
13924
13925
13926
13939
13940
13941
13942
13943
13944
13945
13946
13960
13961
13962
13963
13964
13965
13966
13967
13978
13979
13980
13981
13982
13983
13984
13985
13997
13998
13999
14000
14001
14002
14003
14004
14017
14018
14019
14020
14021
14022
14023
14024
14038
14039
14040
14041
14042
14043
14044
14045
14057
14058
14059
14060
14061
14062
14063
14064
14076
14077
14078
14079
14080
14081
14082
14083
14096
14097
14098
14099
14100
14101
14102
14103
14117
14118
14119
14120
14121
14122
14123
14124
14135
14136
14137
14138
14139
14140
14141
14142
14154
14155
14156
14157
14158
14159
14160
14161
14175
14176
14177
14178
14179
14180
14181
14182
14196
14197
14198
14199
14200
14201
14202
14203
14215
14216
14217
14218
14219
14220
14221
14222
14234
14235
14236
14237
14238
14239
14240
14241
14255
14256
14257
14258
14259
14260
14261
14262
14276
14277
14278
14279
14280
14281
14282
14283
14295
14296
14297
14298
14299
14300
14301
14302
14314
14315
14316
14317
14318
14319
14320
14321
14335
14336
14337
14338
14339
14340
14341
14342
14356
14357
14358
14359
14360
14361
14362
14363
14375
14376
14377
14378
14379
14380
14381
14382
14394
14395
14396
14397
14398
14399
14400
14401
14415
14416
14417
14418
14419
14420
14421
14422
14436
14437
14438
14439
14440
14441
14442
14443
14455
14456
14457
14458
14459
14460
14461
14462
14474
14475
14476
14477
14478
14479
14480
14481
14493
14494
14495
14496
14497
14498
14499
14500
14513
14514
14515
14516
14517
14518
14519
14520
14531
14532
14533
14534
14535
14536
14537
14538
14548
14549
14550
14551
14552
14553
14554
14555
14568
14569
14570
14571
14572
14573
14574
14575
14589
14590
14591
14592
14593
14594
14595
14596
14606
14607
14608
14609
14610
14611
14612
14613
14623
14624
14625
14626
14627
14628
14629
14630
14644
14645
14646
14647
14648
14649
14650
14651
14661
14662
14663
14664
14665
14666
14667
14668
14679
14680
14681
14682
14683
14684
14685
14686
14696
14697
14698
14699
14700
14701
14702
14703
14716
14717
14718
14719
14720
14721
14722
14723
14736
14737
14738
14739
14740
14741
14742
14743
14753
14754
14755
14756
14757
14758
14759
14760
14769
14770
14771
14772
14773
14774
14775
14776
14787
14788
14789
14790
14791
14792
14793
14794
14806
14807
14808
14809
14810
14811
14812
14813
14824
14825
14826
14827
14828
14829
14830
14831
14843
14844
14845
14846
14847
14848
14849
14850
14862
14863
14864
14865
14866
14867
14868
14869
14881
14882
14883
14884
14885
14886
14887
14888
14897
14898
14899
14900
14901
14902
14903
14904
14912
14913
14914
14915
14916
14917
14918
14919
14931
14932
14933
14934
14935
14936
14937
14938
14952
14953
14954
14955
14956
14957
14958
14959
14971
14972
14973
14974
14975
14976
14977
14978
14986
14987
14988
14989
14990
14991
14992
14993
15006
15007
15008
15009
15010
15011
15012
15013
15025
15026
15027
15028
15029
15030
15031
15032
15043
15044
15045
15046
15047
15048
15049
15050
15062
15063
15064
15065
15066
15067
15068
15069
15079
15080
15081
15082
15083
15084
15085
15086
15096
15097
15098
15099
15100
15101
15102
15103
15114
15115
15116
15117
15118
15119
15120
15121
15132
15133
15134
15135
15136
15137
15138
15139
15153
15154
15155
15156
15157
15158
15159
15160
15172
15173
15174
15175
15176
15177
15178
15179
15189
15190
15191
15192
15193
15194
15195
15196
15202
15203
15204
15205
15206
15207
15208
15209
15222
15223
15224
15225
15226
15227
15228
15229
15242
15243
15244
15245
15246
15247
15248
15249
15261
15262
15263
15264
15265
15266
15267
15268
15278
15279
15280
15281
15282
15283
15284
15285
15294
15295
15296
15297
15298
15299
15300
15301
15314
15315
15316
15317
15318
15319
15320
15321
15331
15332
15333
15334
15335
15336
15337
15338
15349
15350
15351
15352
15353
15354
15355
15356
15370
15371
15372
15373
15374
15375
15376
15377
15387
15388
15389
15390
15391
15392
15393
15394
15402
15403
15404
15405
15406
15407
15408
15409
15418
15419
15420
15421
15422
15423
15424
15425
15437
15438
15439
15440
15441
15442
15443
15444
15458
15459
15460
15461
15462
15463
15464
15465
15476
15477
15478
15479
15480
15481
15482
15483
15491
15492
15493
15494
15495
15496
15497
15498
15506
15507
15508
15509
15510
15511
15512
15513
15527
15528
15529
15530
15531
15532
15533
15534
15544
15545
15546
15547
15548
15549
15550
15551
15563
15564
15565
15566
15567
15568
15569
15570
15584
15585
15586
15587
15588
15589
15590
15591
15602
15603
15604
15605
15606
15607
15608
15609
15619
15620
15621
15622
15623
15624
15625
15626
15636
15637
15638
15639
15640
15641
15642
15643
15656
15657
15658
15659
15660
15661
15662
15663
15677
15678
15679
15680
15681
15682
15683
15684
15693
15694
15695
15696
15697
15698
15699
15700
15707
15708
15709
15710
15711
15712
15713
15714
15727
15728
15729
15730
15731
15732
15733
15734
15747
15748
15749
15750
15751
15752
15753
15754
15766
15767
15768
15769
15770
15771
15772
15773
15783
15784
15785
15786
15787
15788
15789
15790
15802
15803
15804
15805
15806
15807
15808
15809
15817
15818
15819
15820
15821
15822
15823
15824
15835
15836
15837
15838
15839
15840
15841
15842
15853
15854
15855
15856
15857
15858
15859
15860
15874
15875
15876
15877
15878
15879
15880
15881
15893
15894
15895
15896
15897
15898
15899
15900
15908
15909
15910
15911
15912
15913
15914
15915
15925
15926
15927
15928
15929
15930
15931
15932
15946
