4.739000
4.600000
3.836000
3.428000
3.252000
3.109000
2.704000
2.582000
2.400000
2.235000
2.098000
1.995000
1.917000
1.917000
1.927000
1.920000
1.900000
1.921000
1.940000
1.903000
1.921000
1.929000
1.907000
1.941000
1.932000
1.909000
1.908000
1.895000
1.914000
1.972000
1.913000
1.889000
4.270000
4.614000
4.074000
4.528000
4.594000
3.937000
4.389000
4.499000
4.012000
3.757000
3.134000
2.676000
2.414000
2.341000
4.620000
4.651000
4.153000
4.588000
4.579000
3.815000
3.534000
3.336000
4.624000
3.953000
4.603000
3.674000
3.429000
3.288000
2.781000
2.631000
2.457000
2.259000
2.079000
2.008000
1.944000
1.919000
1.917000
1.921000
1.956000
4.612000
4.545000
4.008000
3.448000
3.243000
3.943000
4.413000
3.667000
3.460000
2.986000
2.660000
2.431000
2.366000
4.609000
4.041000
3.698000
4.695000
4.527000
4.582000
4.112000
3.674000
3.329000
2.921000
2.690000
2.416000
2.270000
2.104000
2.090000
1.921000
